year,max35_year_total,total_on_date,rem_days
1963,3,2,1
1975,2,1,1
1987,3,2,1
1991,4,3,1
1994,8,3,5
1995,13,1,12
1997,3,3,0
1998,3,2,1
2001,8,7,1
2004,6,4,2
2005,4,2,2
2006,3,2,1
2010,13,4,9
2011,4,1,3
2012,6,2,4
2013,12,6,6
2014,5,1,4
2015,11,2,9
2016,3,2,1
2017,2,1,1
2018,12,5,7
2022,16,9,7
2023,9,9,0
